5.500000000000000444e-01 -0.000000000000000000e+00 -1.833150000000000057e-01
4.763000000000000567e-01 2.750000000000000222e-01 -1.833150000000000057e-01
2.750000000000000222e-01 4.763000000000000567e-01 -1.833150000000000057e-01
0.000000000000000000e+00 5.500000000000000444e-01 -1.833150000000000057e-01
-2.750000000000000222e-01 4.763000000000000567e-01 -1.833150000000000057e-01
-4.763000000000000567e-01 2.750000000000000222e-01 -1.833150000000000057e-01
-5.500000000000000444e-01 -0.000000000000000000e+00 -1.833150000000000057e-01
-4.763000000000000567e-01 -2.750000000000000222e-01 -1.833150000000000057e-01
-2.750000000000000222e-01 -4.763000000000000567e-01 -1.833150000000000057e-01
0.000000000000000000e+00 -5.500000000000000444e-01 -1.833150000000000057e-01
2.750000000000000222e-01 -4.763000000000000567e-01 -1.833150000000000057e-01
4.763000000000000567e-01 -2.750000000000000222e-01 -1.833150000000000057e-01
5.500000000000000444e-01 -0.000000000000000000e+00 1.833150000000000057e-01
4.763000000000000567e-01 2.750000000000000222e-01 1.833150000000000057e-01
2.750000000000000222e-01 4.763000000000000567e-01 1.833150000000000057e-01
0.000000000000000000e+00 5.500000000000000444e-01 1.833150000000000057e-01
-2.750000000000000222e-01 4.763000000000000567e-01 1.833150000000000057e-01
-4.763000000000000567e-01 2.750000000000000222e-01 1.833150000000000057e-01
-5.500000000000000444e-01 -0.000000000000000000e+00 1.833150000000000057e-01
-4.763000000000000567e-01 -2.750000000000000222e-01 1.833150000000000057e-01
-2.750000000000000222e-01 -4.763000000000000567e-01 1.833150000000000057e-01
0.000000000000000000e+00 -5.500000000000000444e-01 1.833150000000000057e-01
2.750000000000000222e-01 -4.763000000000000567e-01 1.833150000000000057e-01
4.763000000000000567e-01 -2.750000000000000222e-01 1.833150000000000057e-01
