1.07868 -1.61803 -0.431199
1.07868 1.61803	-0.431199
1.07868 -1.37638 1.28185
1.07868 0.850651 1.80758        
-1.61803 -1.43824 0.431199
-0.5 -1.53884 0.431199
1.61803	-1.43824 0.431199
-0.951057 -1.30902 -0.431199
-0.951057 1.30902 -0.431199
0.951057 -1.30902 -0.431199
0.951057 1.30902 -0.431199
-0.5 1.53884 0.431199
0.5	-1.53884	0.431199
0.5	1.53884	0.431199
-1.30902	-0.951057	0.431199
-1.30902	0.951057	0.431199
1.30902	-0.951057	0.431199
1.30902	0.951057	0.431199
-1.53884	-0.5	-0.431199
-1.53884	0.5	-0.431199
1.53884	-0.5	-0.431199
1.53884	0.5	-0.431199
1.37638	-1.43824 -1.28185
0.425325	-1.30902	-1.28185
0.425325	1.30902	-1.28185
-1.11352	-0.809017	-1.28185
-1.11352	0.809017	-1.28185
1.30902	-0.425325	1.28185
0.809017	1.11352	1.28185
-0.850651	-1.43824 -1.80758
-0.262866	-0.809017	-1.80758
-0.262866	0.809017	-1.80758
0.688191	-0.5	-1.80758
0.688191	0.5	-1.80758
-0.809017	0.262866	1.80758
-0.5	-0.688191	1.80758
-1.30902	-0.425325	1.28185
-0.809017	1.11352	1.28185
0.5	-0.688191	1.80758
0.809017	0.262866	1.80758
