 0.4811275000000001 -0.5 -0.06803833333333337 
 0.4811275000000001 -0.5 -0.06803833333333337 
 0.4811275000000001 -0.5 -0.06803833333333337 
 0.4811275000000001 -0.5 -0.06803833333333337 
 0.4811275000000001 -0.5 -0.06803833333333337 
 0.4811275000000001 -0.5 -0.06803833333333337 
 0.4811275000000001 -0.5 -0.06803833333333337 
 0.4811275000000001 -0.5 -0.06803833333333337 
 0.4811275000000001 -0.5 -0.06803833333333337 
 0.4811275000000001 -0.5 -0.06803833333333337 
 0.4811275000000001 -0.5 -0.06803833333333337 
 0.4811275000000001 -0.5 -0.06803833333333337 
 0.4811275000000001 -0.5 -0.06803833333333337 
 0.4811275000000001 -0.5 -0.06803833333333337 
 0.4811275000000001 -0.5 -0.06803833333333337 
 0.4811275000000001 -0.5 -0.06803833333333337 
 0.4811275000000001 -0.5 -0.06803833333333337 
 0.4811275000000001 -0.5 -0.06803833333333337 
 0.4811275000000001 -0.5 -0.06803833333333337 
 0.4811275000000001 -0.5 -0.06803833333333337 
 0.4811275000000001 -0.5 -0.06803833333333337 
 0.4811275000000001 -0.5 -0.06803833333333337 
 0.4811275000000001 -0.5 -0.06803833333333337 
 0.4811275000000001 -0.5 -0.06803833333333337 
 0.4811275000000001 -0.5 -0.06803833333333337 
 0.4811275000000001 -0.5 -0.06803833333333337 
 0.4811275000000001 -0.5 -0.06803833333333337 
 0.4811275000000001 -0.5 -0.06803833333333337 
